
IDPEL DUMMY (NONTAGLIS).txt

5123123321556    Nama dengan tanda petik    -
5123 1233 21588    Tagihan dengan 0 Rp    -
5123 1233 21599    Tagihan diatas 1 M    -

Transaksi inquiry abnormal
Nomor Registrasi    Skenario Normal    Skenario Abnormal
5123 2356 89880    -    RC 0048													-  
5300 0000 00000    -    RC 0015													- 
5245 8854 23651    -    RC 0016													- 
5400 0000 00000    -    RC 0077													- 
5434 0000 00000    -    RC 0034													- 

Transaksi Inquiry, Payment dan Reversal
Nomor Registrasi    Skenario
5123123321589    Inquiry sukses RC 0000, Payment gagal RC 0068, Reversal Ke1 Sukses RC 0000					- 
5123 1233 21570    Inquiry sukses RC 0000, Payment gagal RC 0068, Reversal Ke1 gagal RC 0068, Repeat Reversal ke1 0094		- 


IDPEL DUMMY (PREPAID).txt

NOMETER
01428800699
01428800700
01428800701
01428800702
01428800703
01428800705
01428800707
01428800708 > 0077
01428800709
01428800710 > 0047
01428800711 > 0000 - Unsold
15123423123 > 0009
08888888888 > 0014
01428807777 > Advice 0000 | manual advice
01428807725 > Advice + repeat 0000
01428807723 > Advice + repeat 0063

IDPEL
511288006991
511288007004
511288007012
511288007020
511288007038
511288007053
511288007079
511288007087
511288007095
511288007100


IDPEL DUMMY.txt

===============================================
DAFTAR IDPEL DUMMY SIT DEVELOPMENT 
===============================================


===============================================
A. TAGIHAN BULAN BERJALAN
===============================================
511020101305   --Amir Mahmud
511020101339
511020101347
511020101362
511020101484
511020101548
511020101555
511020101597
511020101644
511020101651
511020101917
511020101925
511020101966
511020101974
511020101982
511020102010
511020102028
511020102036
511020102044
511020102204
511020102212
511020102220
511020109874
511020109921
511020109939
511020109962
511020110006
511020110110
511020110128
511020110144
511020110151
511020110169
511020110177
511020110257
511020110265
511020110273
511020110337
511020110345
511020110352
511020110378
511020110386
511020110409
511020110417
511020111647
511020111654
511020111662
511020120401
511020120419
511020120427
511020120435
511020120443
511020120514
511020120522
511020121037
511020121052
511020121078
511020121086
511020121094
511020121133
511020121141
511020121359
511020121367
511020121375
511020121383
511020121391
511020121471
511020121497
511020121501
511020121519
511020121527
511020121543
511020129967
511020129983
511020129991
511020130018
511020130034
511020130042
511020130059
511020130067
511020130091
511020130106
511020130114
511020130122
511020130130
511020130148
511020130163
511020130171
511020130197
511020130269
511020130599
511020130604
511020130612
511020136869
511020136877
511020136893 --HamkaUtar
511020136965
511020136973
511020136981
511020136999
511020137002
511020137010
511020137036
511020137044
511020137051
511020137496
511020137500
511020137518
511020137583
511020137591
511020137701 ---Mariana
511020137719
511020137727
511020137735
511020137750
511020137776
511020137784
511020137792
511020137807
511020137823
511020144075
511020144083
511020144091
511020144106
511020144114
511020144122
511020144130
511020144155
511020144163
511020144171
511020144189
511020144197
511020144202
511020144210
511020144236
511020144244
511020144269
511020144277
511020144285
511020144293
511020144315
511020144323
511020144349
511020144356
511020144372
511020146887
511020146895
511020146900
511020146918
511020146942
511020146967
511020146975
511020146991
511020147004
511020147012
511020147020
511020147038
511020147046
511020147053
511020147061
511020147087
511020147095
511020147100
511020147118
511020147126
511020147134
511020147142
511020147159
511020147175
511020147183
511020153428
511020153436
511020153469 --Dadang Kusuma SH
511020153507  --H Pammu Lahide
511020153523
511020153531
511020153556
511020153652
511020153660
511020153708
511020153781
511020153838
511020153846
511020153853
511020153861
511020154052
511020154166
511020154174
511020154182
511020154326
511020154334
511020154342
511020154543
511020154568
511020154576
511020161454
511020161462
511020161500
511020161689
511020161743
511020161750
511020161768
511020161784
511020161815
511020161823
511020161831
511020161856
511020161864
511020161872
511020161880
511020161898
511020161911
511020161929
511020161937
511020162378
511020172990
511020173011
511020173158
511020173166
511020173174
511020173213
511020173239
511020173262
511020173270
511020173359
511020173414
511020173422
511020173430
511020173448
511020173455
511020173463
511020173501
511020173535
511020173543
511020173550
511020173568
511020182285
511020182293
511020182331
511020182356
511020182364
511020182411
511020182429
511020182612
511020182620
511020182638
511020182679
511020182695
511020182709
511020182741
511020182758
511020182847
511020182854
511020182870
511020182901
511020182919
511020182950
511020182976
511020182992
511020183005
511020183013
511020183021
511020187448
511020187463
511020187592
511020187623
511020187631
511020187649
511020187656
511020187664
511020187672
511020187680
511020187698
511020187702
511020187710
511020187728
511020187744
511020187751
511020187769
511020187785
511020187793
511020187808
511020187816
511020187857
511020187873
511020187899
511020187904
511020187912
511020187920
511020192158
511020192166
511020192174
511020192182
511020192190
511020192205
511020192213
511020192239
511020192840
511020192873
511020192920
511020193476
511020193484
511020193492
511020193506
511020193514
511020193522
511020193563
511020193571
511020193589
511020193597
511020193602
511020193610
511020193628
511020193636
511020193644
511020201564
511020201603
511020201629
511020201765
511020201773
511020201934
511020201942
511020201959
511020201967
511020201975
511020202117
511020202125
511020202133
511020202141
511020202158
511020202857
511020202865
511020202899
511020202904
511020202912
511020202938
511020202953
511020203065
511020203073
511020203081
511020203112
511020209457
511020209465
511020209473
511020209481
511020209499
511020209503
511020209666
511020209674
511020209690
511020209704
511020209712
511020209720
511020209746
511020209753
511020209761
511020209779
511020209800
511020209818
511020209826
511020209834
511020209842
511020209875
511020209883
511020209906
511020209914
511020209922
511020209930
511020209948
511020209955
511020209963
511020210072
511020213726
511020213734
511020213742
511020213759
511020213928
511020213936
511020213944
511020213951
511020213969
511020213985
511020213993
511020214005
511020214021
511020214039
511020214047
511020214054
511020214088
511020214096
511020214176
511020214215
511020214272
511020214280
511020214408
511020214416
511020214424
511020214432
511020214457
511020214465
511020214473
511020216794
511020216817
511020216825
511020216841
511020216858
511020216874
511020217276
511020217284
511020217306
511020217322
511020217348
511020217355
511020217363
511020217397
511020217402
511020217410
511020217428
511020217436
511020217444
511020217469
511020217477
511020217485
511020217493
511020217507
511020217515
511020217523
511020217531
511020217549
511020217556
511020217564
511020217572
511020224031
511020224049
511020224056
511020224064
511020224072
511020224080
511020224098
511020224103
511020224111
511020224129
511020224137
511020224145
511020224152
511020224178
511020224186
511020224209
511020224217
511020224225
511020224233
511020224258
511020224266
511020224387
511020224395
511020224400
511020224418
511020228818
511020228826
511020228834
511020228867
511020228875
511020228883
511020228891
511020228906
511020228989
511020228997
511020229034
511020229171
511020229236
511020229244
511020229277
511020229285
511020229293
511020229307
511020229323
511020229364
511020229372
511020229380
511020229403
511020229411
511020229429
511020229437
511020235760
511020235970
511020235988
511020235996
511020236073
511020236099
511020236104
511020236120
511020236179
511020236283
511020236291
511020236305
511020236313
511020236321
511020236571
511020236597
511020236610
511020236628
511020236636
511020236644
511020236669
511020236677
511020236685
511020236693
511020236715
511020241522
511020241589
511020241602
511020241723
511020241731
511020241749
511020241756
511020241764
511020241772
511020242165
511020242173
511020242454
511020242470
511020242500
511020242518
511020242526
511020242534
511020242719
511020249384
511020256029
511020256045
511020256221
511020256262
511020256288
511020256296
511020256300
511020256318
511020256471
511020256489
511020256497
511020256519
511020256592
511020256623
511020256631
511020257081
511020257099
511020257104
511020257112
511020257120
511020257138
511020257146
511020257187
511020257195
511020257200
511020263880
511020263911
511020263929
511020263945
511020263994
511020264014
511020264030
511020264071
511020264089
511020264097
511020264417
511020264425
511020264433
511020264441
511020264458
511020264466
511020264520
511020264561
511020264587
511020264595
511020264618
511020264634
511020264683
511020264691
511020264721
511020264739
511020264747
511020264754
511020271385
511020271424
511020271440
511020271625
511020271633
511020271641
511020271658
511020271682
511020271690
511020271712
511020271720
511020271738
511020271746
511020271761
511020271779
511020271795
511020271800
511020271875
511020271891
511020271906
511020271955
511020271963
511020271971
511020271989
511020277898
511020277903
511020277911
511020277929
511020278014
511020278022
511020278048
511020278063
511020278071
511020278128
511020278136
511020278273
511020278281
511020278311
511020278329
511020278378
511020278504
511020278546
511020278553
511020278561
511020278579
511020278587
511020278642
511020278659
511020278667
511020278675
511020284083
511020284106
511020284114
511020284155
511020284163
511020284171
511020284197
511020284380
511020284398
511020284403
511020284429
511020284437
511020284604
511020284620
511020284638
511020284661
511020284679
511020284695
511020284709
511020291516
511020291524
511020291540
511020291565
511020291599
511020291604
511020291620
511020293900
511020293918
511020293926
511020293934
511020293942
511020293959
511020293967
511020293975
511020293983
511020293991
511020294003
511020294029
511020294037
511020294045
511020294060
511020294086
511020294094
511020294109
511020294117
511020294125
511020294133
511020294141
511020294158
511020294166
511020294174
511020294182
511020306413
511020306591
511020306622
511020306630
511020306648
511020306655
511020306663
511020306671
511020306697
511020306701
511020306727
511020306735
511020306743
511020312965
511020312973
511020312981
511020313002
511020313124
511020315050
511020315076
511020315115
511020315131
511020315156
511020315164
511020315172
511020315198
511020315211
511020315229
511020315245
511020315278
511020324120
511020324138
511020324146
511020336846
511020336861
511020336900
511020342995
511020343008
511020343362
511020343370
511020343388
511020343396
511020343401
511020343435
511020343443
511020343450
511020343468
511020343514
511020343548
511020343589
511020343597
511020343602
511020343610
511020343628
511020343636
511020343644
511020343651
511288005328
511288005336
511288005369
511288005377
511288005385
511288005393
511288005473
511288005481
511288005503
511288005511
511288005560
511288005578
511288005586
511288005658
511288005666
511288005674
511288005682
511288005690
511288005746
511288005779
511288005787
511288005826
511288005834
511288005859
511288005875
511288005883
511288005891
511288005914
511288005930
511288005948
511288005955
511288005963
511288005989
511288006017
511288006025
511288006033
511288006058
511288006066
511288006090
511288006105
511288006113
511288006121
511288006139
511288006147
511288006154
511288006162
511288006235
511288006243
511288006292
511288006306
511288006314
511288006330
511288006348
511288006371
511288006410
511288006436
511288006469
511288006477
511288006507
511288006515
511288006523
511288006556
511288006572
511288006580
511288006598
511288006603
511288006645
511288006652
511288006660
511288006678
511288006724
511288006732
511288006740
511288006757
511288006765
511288006773
511288006781
511288006812
511288006838
511288006846
511288006853
511288006861
511288006895
511288006900
511288006918
511288006926
511288006983
511288007020
511288007038
511288007053
511288007079
511288007087
511288007095
511288007100
511288007126
511288007134
511288007159
511288007167
511288007206
511288007214
511288007222
511288007230
511288007289
511288007319
511288007368
511288007376
511288007384
511288007392
511288007407
511288007415
511288007423
511288007449
511288007502
511288007528
511288007536
511288007544
511288007551
511288007569
512100001364
512100008373
512100023913
512100023939
512100025607
512100026145
512100048532
512100048888
512100049280
512100051010


===============================================
B. TAGIHAN BUKAN BULAN BERJALAN
===============================================
511020095457 ---ABD JAMAN
511020144323
511020236685
511110445466
511110458952
511110464642
511110639464
511110853392
511111054388 
511111067431
511111182064
511116001040
511288004919
511288006991
511288007004
511288007012
512100002350
512100012755
512100022934
512100049168
512230007338
512230008461
512230016704


===============================================
C. TAGIHAN 2 BULAN
===============================================
511020101354 ---La Melle
511020101589
511020110136
511020110281
511020120530
511020121045
511020121060
511020121489
511020129975
511020130026
511020130083
511020130202
511020130228
511020130251
511020146959
511020146983
511020153773
511020153804
511020154527
511020161697
511020161776
511020161849
511020161903
511020161945
511020173029
511020173254
511020182486
511020182687
511020182733
511020187422
511020187455
511020187777
511020193548
511020201611
511020201740
511020201983
511020209795
511020213605
511020214223
511020216809
511020217292
511020217314
511020224023
511020224241
511020229331
511020229349
511020236161
511020236707
511020236731
511020241530
511020242439
511020278030
511020278299
511020278303
511020284653
511020291532
511020291557
511020291581
511020291612
511020293887
511020293895
511020306719
511020315043
511020343419
511020343427
511020343563

===============================================
D. TAGIHAN 3 BULAN
===============================================
511020315453
511110445466
511110458952
511110464642
511110639464
511110853392
511111054388
511111067431
511111182064
511116001040
512210002396
512210007590
512230002191
512230002319
512230009409

===============================================
E. TAGIHAN 4 BULAN
===============================================
511020026003
512100004359

===============================================
F. TAGIHAN > 4 BULAN
===============================================
511020213977
511020224338
512100004239
512100013622

===============================================
G. TAGIHAN DENGAN NAMA MENGANDUNG TANDA BACA "'", ",", """", dll
   DAN MEMILIKI SUBSIDI
===============================================
511288005883 --Nimin
511020153469
511020213605
511020217469
511020224338
511020228875
511020249118
511020306701
511020315211
511020315446
511020315461
511020315487
511020337079
511020347998
511020348059
511020348067
511288002993
512100052281
512100053076
512100053131
512100053164
512100054393
512210001456
512230000192
512230003243
512230005829
512230010514
512230012771
512230013069
512230015308
512230016070
512230017813
512230017943
512230020486
512230023449
512230023585
512230024024

===============================================
H. TAGIHAN 1 M ATAU LEBIH DAN DAYA > 1000
===============================================
511288007502
511020202938
511020202953
511020136869
511020130018
511020101362
511020154527
511020154527
511020154568
511020161697
511020161697
511020172990
511020224338
511020110265
511020110273
511020110337
511020120530
511020120530
511020216817
511020217363
511020192239
511020182687
511020182687
511020182741
511020182758
511020182950
511020187649
511020242165
511020173535
511020182364
511020182612
511020201983
511020201983
511020209875
511020213742
511020153436
511020153469
511020153507
511020229403
511020224338
511020224400
511020228875
511020228891
511020228906
511020229293
511020229307
511020241756
511020263929
511020264466
511020264561
511020306622
511020306630
511020235760
511020236120
511020236179
511020236636
511020214176
511020214215
511020315245
511020224338
511020224338
511020271795
511020249384
511020336846
511020278022
511020256623
511020306462
511020306470
511020306470
511020306526
511020324153
511020248975
511020249004
511020249061
511020249118
511020249126
511020249167
511020249167
511020249289
511020249327
511020249343
511020249376
511020306567
511020329767
511020329902
511020330002
511020330002
511020330124
511020330132
511020336603
511020337061
511020337289
511020342979
511020347843
511020347850
511020347868
511020347876
511020347884
511020347923
511020324354
511020343677
511020347835
511020324195
511020324267
511020306567
511020249423
511020291364
511288003520
511020348000
511020348026
511020348034
511020348042
511020348042
511020348059
511020348083
511020348091
511020348106
511020348114
511020348148
511020348155
511288000784
511288000815
511288000823
511020055835
511288001056
511288001186
511020348163
511020348171
511020348171
511020348189
511020348202
511288000028
511288000279
512100001839
512100001862
512100001935
511020095336
511020095377
511020095424
511020026060
511020026060
511020026182
511020029312
511020029338
511020048193
511020055579
512100002384
511020076159
511020018581
511288000462
511288000470
511288001869
511288001940
512100000465
512100000503
512100000560
512100000594
512100000617
512100000625
512100000666
512100000682
512100000738
512100000746
511020088047
511020088047
512100001228
512100001307
512100001349
512100001380
512100001478
512100001486
512100001508
512100001565
512100001573
512100001604
512100001612
512100002167
512100002222
512100002230
512100004938
511288004919
512100002415
512100002431
512100002464
512100002528
512100002544
512100002551
512100002624
512100002711
512100002786
512100002858
512100002921
512100003009
512100000192
512100001896
512100003556
512100003603
512100004117
512100004182
512100004221
512100004270
512100004288
512100004406
512100004455
512100004463
512100004471
512100004489
512100004501
512100004550
512100004568
512100006567
512100006663
512100006689
512100006823
512100006849
512100006911
512100004656
512100004680
512100004744
512100004777
512100004793
512100004808
512100004816
512100004824
512100004832
512100004873
512100005354
512100004979
512100005032
512100005081
512100001106
512100001114
512100005291
512100000761
512100000787
512100000795
512100000834
512100001000
512100001018
512100003066
512100003082
512100002297
512100002335
512100001197
512100001202
512100001210
511020076095
512100001171
512100000272
512100002020
512100002046
512100002053
512100002087
512100002095
512100003162
512100003170
512100003314
512100003330
512100003348
512100003363
512100003410
512100006960
512100007098
512100007129
512100007145
512100007152
512100007178
512100007186
512100005476
512100005492
512100005506
512100005514
512100005522
512100005628
512100005707
512100005715
512100005749
512100005780
512100005811
512100006317
512100006325
512100006405
512100006421
512100003611
512100003637
512100003694
512100003724
512100003804
512100003900
512100003934
512100003975
512100004045
512100010917
512100005339
512100005886
512100005917
512100006028
512100006044
512100006077
512100006124
512100006165
512100006204
512100006238
512100006246
512100011109
512100011141
512100011288
512100011383
512100011489
512100009972
512100010032
512100010829
512100010974
512100009600
512100009667
512100009747
512100014299
512100014345
512100010370
512100014441
512100008229
512100008237
512100008294
512100008533
512100008582
512100008734
512100011912
512100012049
512100012353
512100014512
512100014642
512100014796
512100012668
512100007676
512100012539
512100009892
512100007225
512100007241
512100007274
512100007312
512100007338
512100007442
512100007483
512100010514
512100010563
512100005226
512100005267
512100009128
512100009144
512100009193
512100019330
512100019410
512100019428
512100019469
512100012676
512100012730
512100012763
512100012810
512100012828
512100012908
512100012957
512100013028
512100013069
512100013591
512100013622
512100013689
512100013776
512100013898
512100013994
512100014097
512100014102
512100017646
512100017717
512100019113
512100019162
512100012596
512100021666
512100013116
512100013238
512100013279
512100013287
512100013317
512100013390
512100013488
512100018544
512100018585
512100018632
512100018711
512100018921
512100018962
512100019025
512100019033
512100019041
512100014360
512100017516
512100017599
512100015605
512100015889
512100016511
512100016552
512100016594
512100016625
512100016761
512100016875
512100016906
512100016922
512100016930
512100017155
512100017356
512100017452
512100021704
512100019781
512100019861
512100020398
512100015517
512100020813
512100015332
512100015357
512100015373
512100013622
512100014482
512100011592
512100011607
512100011623
512100011672
512100011680
512100011751
512100011816
512100011824
512230009504
512100051309
512100051317
512210000485
512100016039
512100022708
512100050400
512100050539
512100022740
512100023255
512210001456
512100022402
512100022477
512100022523
512100013622
512230009097
512230009102
512230009128
512210015779
512100053517
512230003598
512210003109
512210012316
512210013022
512210013030
512210013063
512210013089
512210013102
512210013128
512210013144
512210013754
512230001285
512230001331
512230001349
512230001364
512230001398
512100052762
512100052788
512230001437
512100053969
512230003066
512230003074
512100050643
512210012237
512210012260
512230003243
512230009754
512210012566
512210014228
512210014236
512210013273
512100021385
512210013956
512210013964
512210013972
512210014018
512210014034
512100052504
512210013177
512210013208
512230026940
512230026957
512230026965
512230026999
512230027010
512230027028
512230027036
512230009626
512100013622
512100050908
512230010112
512100052136
512230015700
512230024548
512230024610
512230024628
512230003991
512210013006
512210013014
512210000235
512210000363
512210012278
512210017624
512210017640
512210017657
512230001790
512230003773
512230008791
512230008822
512230008830
512230006648
512210003912
512210013595
512230003113
512230003121
512210003793
512210003816
512210003865
512210012855
512210012871
512230005677
512230005764
512230005772
512230003284
512230003292
512230003314
512230004865
512230006366
512230024112
512100050932
512230004406
512230004414
512230005153
512210012164
512230009409
512230017197
512210013520
512210013553
512210013561
512210013579
512230005555
512210002146
512100013622
512210012373
512210012399
512210012404
512210012412
512210012420
512210012438
512210012495
512210012509
512210012517
512210006561
512230026619
512230026635
512230016184
512230018159
512230004607
512230004623
512230004680
512210012969
512210012985
512210012993
512210002798
512230006108
512210006721
512230009827
512230009835
512230008863
512230007692
512210017699
512210017711
512210013433
512210013441
512210013458
512210013482
512210013490
512210013618
511288004919
512210013634
512210016402
512210012775
512230004391
512210017833
512210017841
512230005597
512210013360
512210013378
512210013394
512230009360
512230020733
512210012582
512210012590
512210012654
512230000013
512210015385
512210012172
512210012198
512210012822
512210012830
512210012848
512210014155
512210014163
512210014210
512230000842
512230005811
512210013721
512210013739
512230001862
512230001870
512230001901
512100023882
512230026137
512230026145
512230007650
512230000168
512230000192
512230019162
512230024852
512210002347
512230007513
512230007539
511020284411
512230007320
512210005454
512210005575
512230026836
512230025710
512210013512
512100053670
512230000351
512230005933
512230000473
512230000499
512230009770
512230004769
512210009026
512210015310
512100052634
512100052642
512100052675
512210013675
512210013762
512230000666
512210014445
512230004793
512230004832
512210000652
512210000694
512210000724
512230002100
512210009687
512100021135
512100051002
512100051036
512100021344
512100053806
512210015503
512210015511
512100052892
512100052923
512100051069
512100051108
512230025995
512230026007
512230026015
512230026023
512230026056
512230026282
512230026361
512210005768
512210014122
512210013770
512210013796
512210013819
512210013827
512210013868
512210013876
512230014433
512230018833
512230002248
512230002255
512210016147
512100052102
512230002319
512230002368
512230002423
512230002431
512230002480
512100050828
512100050877
512210014042
512210014059
512210014067
512210014075
512210014091
512210014106
512230001557
512230001565
512210014452
512210014478
512100052311
512100052329
512210015440
512230003330
512100052177
512210015891
512230003838
512230003846
512230003861
512230003926
512230003942
512230001950
512230002061
512230004326
512100052949
512210009927
512230007258
512210015609
512210015625
512210012131
512210012149
512230026426
512230004254
512230004262
512230004270
512210013892
512210013907
512100052972
512230003162
512230009299
512230007748
512210013151
512230010514
512210008867
512210002476
512230001163
512230026643
512230026650
512230026668
512230026684
512230026692
512230026706
512230026714
512230026722
512230026730
512230026748
512230026763
512230026771
512230026789
512230026797
512230026802
512230024401
512230022694
512230006807
512230013872
512230019371
512230019389
512230019402
512230019428
512230018012
512230008027
512230022799
512230022853
512230006261
512230020083
512210006998
512230019556
512230019564
512230018996
512230019686
512230019694
512230016834
512100013622
512230010798
512230010886
512230006671
512230010749
512230012635
512230012748
512230019740
512230017862
512230021989
512230024024
511020137028
511020271511
512230017083
512230022611
512230019493
512230025865
512230014721
512230020478
512230012554
512230016842
512230022493
512230009409
512230011497
512230013390
512230008574
512230003009
512230010242
512230015260
511020224338
512100013622
512230014458
512230026924
512230005427
512230009345
512230009409
512230007763
512230023061
512230025904
512230025912
512230025920
512230025938
512230025953
512230025961
512230025979
512230025987
512230026908
512210013193
511020109996
512230014538
512230008211
512230026064
512230008742
512230008759
512230008767
512210008176
512230016594
512230024644
512230013204
512230002825
512230011672
512230011680
512230011698
512210001004
512210001020
512210001890
512230015525
512230015533
512230008688
512230008696
512230008718
512230011078
512230009972
512230009998
512230021891
512230007916
512230002593
512230000223
512230003637
512230018480
512230011946
512230011961
512230011995
512230017612
512230006309
512230017411
512230017445
512230017486
512230022983
512230023004
512230023126
512230015726
512230016256
512230016302
512230017323
512230017331
512230017349
512210003535
512100013622
512230021272
512230022363
512230011375
512230016005
512230011816
512230012338
512230006994
512230007031
512230015043
512230015149
512230011166
512230007098
512230007129
512230006534
512210003133
512230019926
512230019983
512230017557
512230024218
512230017661
512100023825
512100013622
512210007582
512230023569
512230013648
512230012209
512230014169

NONTAGLIS INQURY        
=================================================       
NOMOR REGISTRASI        |RC     | KETERANGAN
-------------------------------------------------
5123235689880         |0048     |
5123123321556         |0000     | NAMA TANDA PETIK ----Berhasil Dipakai
5123123321555         |0000     | ADA IDPEL
5300000000000         |0015     |
5123123321588         |0000     | TAGIHAN 0
5123123321599         |0000     | TAGIHAN > 1M
-------------------------------------------------

NONTAGLIS PAYMENT & REVERSAL                    
==============================================================
NOMOR REGISTRASI        |KETERANGAN             
--------------------------------------------------------------
5123123321589         |PAYMENT  0068 REVERSAL KE1 0000          
5123123321570         |PAYMENT  0068 REVERSAL KE1 0068 K2 0094
